0 53
1 75
2 50
3 50
4 61
5 66
7 75
8 50
11 74
12 20
13 70
16 62
19 50
20 74
21 46
23 50
25 68
26 68
27 56
28 53
29 59
30 76
31 54
34 61
35 65
36 74
37 75
39 50
40 53
41 51
44 46
45 71
48 41
51 70
52 68
53 57
54 80
55 47
56 73
57 53
58 56
59 67
60 70
61 61
62 59
65 65
68 74
69 58
70 56
71 55
72 78
73 60
74 68
75 74
76 58
80 57
82 73
83 80
84 59
85 50
86 78
89 62
90 56
93 71
94 66
95 64
96 52
100 48
103 65
104 80
105 51
108 50
109 59
110 45
111 57
112 74
113 57
114 63
115 52
116 53
117 67
120 57
121 64
122 63
129 64
130 50
131 64
132 64
133 62
134 65
135 68
140 71
145 62
165 56
166 56
168 65
169 76
170 52
173 62
201 71
208 42
212 49
249 80
250 62
253 69
254 48
255 35
261 75
264 75
265 73
271 54
275 58
276 43
277 64
285 73
297 58
298 50
299 50
300 50
